48
51
54
57
60
64
68
72
76
80
85
90
95
100
105
111
117
123
129
135
142
149
156
163
170
178
186
194
202
210
219
228
237
246
255
265
275
285
295
305
316
327
338
349
360
372
384
396
408
420
433
446
459
472
485
499
513
527
541
555
570
585
600
615
630
646
662
678
694
710
727
744
761
778
795
813
831
849
867
885
904
923
942
961
980
1000
1020
1040
1060
1080
1101
1122
1143
1164
1185
1207
1229
1251
1273
1300
1340
1380
1410
1450
1490
1540
1580
1620
1660
1700
1740
1780
1820
1860
1900
1940
1980
2020
2060
2100
2140
2180
2220
2260
2300
2340
2380
2420
2460
2500
2540
2580
2620
2660
2700
2740
2780
2820
2860
2900
2940
2980
3020
3060
3100
3140
3180
3220
3260
3300
3340
3380
3420
3461
3501
3543
3582
3621
3662
3701
3741
3783
3822
3861
3902
3941
3982
4021
4062
4101
4142
4181
4222
4261
4352
3583
3621
3659
3697
3735
3774
3813
3852
3891
3930
3970
4010
4050
4090
4130
4171
4212
4253
4294
4335
4377
4419
4461
4503
4545
4588
4631
4674
4717
4760
4804
4848
4892
4936
4980
5025
5070
5115
5160
5205
5251
5297
5343
5389
5435
5482
5529
5576
5623
5670
5718
5766
5814
5862
5910
5959
6008
6057
6106
6155
6205
6255
6305
6355
6405
6456
6507
6558
6609
6660
6712
6764
6816
6868
6920
6973
7026
7079
7132
7185